00 00 00 00 00 00 00 00 00 00 00 00 00 00 00 00 00 00 00 00
00 00 00 00 00 00 00 00 00 00 00 00 00 00 00 00 00 00 00 00
00 00 00 00 00 00 00 14 13 13 13 13 13 13 13 13 12 00 00 00
00 00 00 00 00 00 00 14 33 33 33 33 33 33 33 33 12 00 00 00
00 00 00 00 00 00 00 14 -1 -1 -1 -1 -1 -1 -1 -1 12 00 00 00
00 00 00 00 00 00 00 14 -1 -1 -1 -1 -1 -1 -1 -1 12 00 00 00
00 00 00 00 00 00 00 14 -1 -1 -1 -1 31 -31 31 21 12 00 00 00
00 00 14 13 13 13 13 14 -1 -1 -1 -1 12 11 11 11 12 00 00 00
00 00 14 -1 -1 -1 -1 -1 -1 -1 -1 -1 12 00 00 00 00 00 00 00
00 00 14 -1 -1 -1 44 -1 -1 -1 -1 -1 12 00 00 00 00 00 00 00
00 00 14 -1 -1 -1 -1 -1 -1 -1 -1 -1 12 00 00 00 00 00 00 00
00 00 14 -1 -1 -1 -1 -1 -1 -1 -1 -1 12 00 00 00 00 00 00 00
00 00 14 11 11 11 11 11 11 11 11 11 12 00 00 00 00 00 00 00
00 00 00 00 00 00 00 00 00 00 00 00 00 00 00 00 00 00 00 00
00 00 00 00 00 00 00 00 00 00 00 00 00 00 00 00 00 00 00 00