00 00 00 00 00 00 00 00 00 00 00 00 00 00 00 00 00 00 00 00
00 13 13 13 13 13 13 13 13 13 13 13 13 13 13 13 13 13 13 00
00 14 -1 -1 -1 -1 -1 12 33 -1 -1 -1 14 -1 -1 -1 -1 -1 12 00
00 14 -1 -1 -1 -1 -1 12 -1 -1 44 32 14 -1 -1 -1 -1 21 12 00
00 14 13 13 13 -1 -1 12 -1 -1 -1 32 14 -1 -1 13 13 13 12 00
00 14 -1 -1 -1 -1 -1 12 -1 -1 -1 -1 12 -1 -1 -1 -1 -1 12 00
00 14 -1 -1 -1 -1 -1 -1 -1 -1 -1 -1 -1 -1 -1 -1 -1 -1 12 00
00 14 11 11 11 11 11 11 -1 -1 31 31 31 31 31 31 31 -1 12 00
00 14 -1 -1 -1 -1 -1 -1 -1 -1 11 11 11 11 11 11 11 11 12 00
00 14 -1 -1 -1 -1 -1 -1 -1 -1 -1 -1 -1 -1 -1 -1 -1 -1 12 00
00 14 -1 -1 -1 -1 -1 -1 -1 -1 -1 -1 -1 -1 -1 -1 -1 -1 12 00
00 11 11 11 11 11 11 11 11 11 11 11 11 11 11 11 11 11 11 00
00 00 00 00 00 00 00 00 00 00 00 00 00 00 00 00 00 00 00 00
00 00 00 00 00 00 00 00 00 00 00 00 00 00 00 00 00 00 00 00
00 00 00 00 00 00 00 00 00 00 00 00 00 00 00 00 00 00 00 00